7RBkxD9kZDdY81tK
1,-1
2,1
3,1
4,1
5,1
6,1
7,1
8,1
9,1
10,1
11,1
12,1
13,1
14,1
15,1
16,1
17,1
18,1
19,1
20,1
21,8
22,8
23,13
24,13
25,24
26,10
27,17
28,27
29,18
30,19
31,25
32,16
33,18
34,22
35,22
36,35
37,28
38,35
39,26
40,35
41,25
42,38
43,42
44,31
45,26
46,40
47,46
48,39
49,43
50,47
51,44
52,41
53,44
54,36
55,53
56,54
57,43
58,53
59,45
60,43
61,45
62,61
63,50
64,60
65,60
66,47
67,62
68,54
69,55
70,52
71,52
72,70
73,59
74,62
75,59
76,63
77,58
78,70
79,64
80,63
81,78
82,80
83,75
84,72
85,73
86,84
87,81
88,70
89,82
90,89
91,83
92,76
93,80
94,81
95,83
96,78
97,85
98,81
99,94
100,94
101,94
102,98
103,94
104,103
105,96
106,89
107,101
108,100
109,104
110,109
111,94
112,104
113,109
114,109
115,103
116,100
117,98
118,107
119,112
120,101
121,109
122,107
123,116
124,119
125,117
126,107
127,111
128,127
129,121
130,129
131,112
132,117
133,116
134,133
135,119
136,130
137,120
138,136
139,133
140,126
141,137
142,139
143,129
144,143
145,144
146,127
147,139
148,136
149,139
150,135
151,140
152,150
153,151
154,144
155,136
156,145
157,148
158,151
159,155
160,143
161,153
162,147
163,151
164,146
165,149
166,165
167,163
168,163
169,155
170,159
171,159
172,162
173,167
174,168
175,165
176,169
177,172
178,167
179,160
180,165
181,163
182,180
183,174
184,183
185,173
186,185
187,183
188,175
189,181
190,182
191,181
192,183
193,178
194,180
195,188
196,185
197,183
198,187
199,190
200,199
201,187
202,201
203,192
204,203
205,198
206,193
207,206
208,203
209,205
210,199
211,199
212,197
213,200
214,212
215,199
216,199
217,202
218,217
219,209
220,217
221,220
222,210
223,219
224,209
225,219
226,215
227,208
228,216
229,214
230,222
231,219
232,231
233,232
234,219
235,221
236,235
237,228
238,224
239,234
240,235
241,224
242,224
243,242
244,242
245,233
246,238
247,228
248,241
249,248
250,249
251,249
252,251
253,240
254,235
255,247
256,245
257,247
258,251
259,256
260,243
261,254
262,254
263,244
264,263
265,262
266,261
267,266
268,264
269,257
270,252
271,261
272,263
273,265
274,272
275,271
276,264
277,274
278,263
279,268
280,277
281,264
282,269
283,279
284,282
285,281
286,282
287,273
288,281
289,278
290,281
291,287
292,282
293,276
294,279
295,285
296,283
297,284
298,288
299,282
300,295
301,300
302,283
303,297
304,296
305,291
306,296
307,306
308,291
309,303
310,299
311,310
312,309
313,296
314,298
315,310
316,315
317,316
318,307
319,311
320,317
321,320
322,317
323,310
324,306
325,313
326,311
327,324
328,323
329,311
330,329
331,321
332,314
333,321
334,317
335,328
336,330
337,318
338,319
339,324
340,335
341,330
342,326
343,342
344,343
345,341
346,328
347,346
348,343
349,340
350,348
351,350
352,342
353,346
354,348
355,354
356,345
357,356
358,354
359,342
360,341
361,344
362,343
363,353
364,354
365,349
366,349
367,359
368,360
369,353
370,366
371,358
372,353
373,361
374,360
375,356
376,360
377,373
378,365
379,366
380,367
381,374
382,368
383,367
384,370
385,373
386,377
387,370
388,375
389,376
390,376
391,386
392,389
393,379
394,379
395,390
396,394
397,393
398,385
399,389
400,388
401,392
402,398
403,391
404,403
405,395
406,403
407,389
408,394
409,401
410,399
411,392
412,397
413,396
414,407
415,414
416,407
417,401
418,399
419,404
420,418
421,408
422,410
423,418
424,405
425,418
426,424
427,425
428,425
429,414
430,426
431,416
432,415
433,432
434,415
435,417
436,426
437,434
438,430
439,423
440,429
441,440
442,434
443,436
444,435
445,430
446,438
447,436
448,436
449,430
450,444
451,445
452,439
453,443
454,451
455,451
456,447
457,452
458,452
459,447
460,459
461,458
462,455
463,454
464,461
465,458
466,458
467,461
468,466
469,453
470,468
471,466
472,464
473,471
474,470
475,465
476,458
477,472
478,477
479,477
480,476
481,462
482,481
483,466
484,475
485,482
486,472
487,469
488,480
489,488
490,488
491,490
492,489
493,484
494,484
495,476
496,488
497,479
498,493
499,497
500,494
501,482
502,494
503,488
504,502
505,501
506,501
507,495
508,499
509,491
510,504
511,497
512,495
513,507
514,511
515,497
516,507
517,500
518,502
519,502
520,510
521,503
522,505
523,518
524,505
525,518
526,522
527,526
528,511
529,520
530,528
531,527
532,531
533,531
534,523
535,520
536,529
537,521
538,531
539,523
540,534
541,536
542,540
543,540
544,533
545,539
546,545
547,546
548,533
549,540
550,541
551,546
552,533
553,535
554,551
555,545
556,538
557,550
558,548
559,544
560,551
561,556
562,551
563,553
564,557
565,563
566,561
567,561
568,558
569,565
570,555
571,555
572,563
573,556
574,563
575,563
576,561
577,573
578,566
579,568
580,575
581,568
582,574
583,567
584,573
585,574
586,579
587,586
588,569
589,580
590,573
591,590
592,578
593,592
594,592
595,581
596,581
597,578
598,586
599,594
600,597
601,594
602,588
603,599
604,587
605,588
606,590
607,595
608,606
609,608
610,595
611,604
612,607
613,609
614,610
615,599
616,601
617,614
618,600
619,613
620,608
621,614
622,604
623,604
624,605
625,624
626,621
627,613
628,609
629,612
630,618
631,617
632,615
633,615
634,624
635,629
636,621
637,631
638,620
639,622
640,622
641,635
642,625
643,640
644,634
645,632
646,634
647,630
648,640
649,639
650,634
651,650
652,643
653,639
654,643
655,647
656,641
657,641
658,643
659,653
660,654
661,654
662,649
663,648
664,659
665,662
666,665
667,666
668,666
669,658
670,660
671,670
672,655
673,654
674,658
675,656
676,664
677,669
678,661
679,678
680,670
681,668
682,670
683,664
684,665
685,669
686,667
687,673
688,684
689,675
690,677
691,689
692,679
693,675
694,677
695,677
696,683
697,679
698,687
699,684
700,698
701,700
702,694
703,684
704,692
705,701
706,687
707,703
708,696
709,701
710,694
711,709
712,711
713,712
714,701
715,703
716,708
717,705
718,699
719,706
720,701
721,709
722,707
723,711
724,722
725,712
726,715
727,712
728,725
729,727
730,727
731,714
732,717
733,722
734,717
735,728
736,729
737,729
738,735
739,720
740,724
741,730
742,729
743,734
744,741
745,739
746,745
747,735
748,738
749,748
750,745
751,742
752,748
753,741
754,740
755,749
756,751
757,752
758,744
759,758
760,741
761,744
762,744
763,757
764,763
765,758
766,761
767,760
768,761
769,761
770,764
771,756
772,761
773,762
774,770
775,761
776,759
777,759
778,772
779,760
780,770
781,778
782,773
783,776
784,768
785,782
786,781
787,774
788,787
789,770
790,784
791,780
792,784
793,776
794,777
795,787
796,792
797,795
798,783
799,787
800,798
801,788
802,795
803,798
804,788
805,801
806,787
807,802
808,794
809,791
810,805
811,795
812,799
813,807
814,811
815,806
816,815
817,816
818,803
819,818
820,819
821,820
822,818
823,822
824,806
825,812
826,817
827,812
828,821
829,812
830,811
831,830
832,830
833,815
834,828
835,816
836,822
837,832
838,834
839,831
840,825
841,840
842,825
843,834
844,837
845,844
846,836
847,839
848,847
849,844
850,849
851,837
852,833
853,836
854,847
855,846
856,846
857,849
858,854
859,842
860,843
861,858
862,844
863,862
864,850
865,861
866,855
867,859
868,866
869,862
870,861
871,854
872,863
873,867
874,856
875,867
876,858
877,868
878,869
879,867
880,874
881,871
882,876
883,878
884,876
885,880
886,871
887,877
888,875
889,878
890,882
891,880
892,885
893,875
894,891
895,894
896,881
897,883
898,897
899,882
900,887
901,891
902,896
903,889
904,888
905,900
906,903
907,892
908,894
909,897
910,903
911,899
912,898
913,908
914,896
915,913
916,914
917,912
918,905
919,904
920,912
921,908
922,916
923,908
924,921
925,924
926,918
927,909
928,913
929,927
930,923
931,930
932,920
933,919
934,919
935,934
936,917
937,919
938,930
939,934
940,938
941,934
942,925
943,926
944,940
945,938
946,927
947,941
948,944
949,945
950,949
951,938
952,943
953,952
954,953
955,942
956,955
957,956
958,955
959,950
960,957
961,950
962,952
963,956
964,959
965,948
966,958
967,951
968,952
969,953
970,957
971,953
972,969
973,963
974,967
975,956
976,966
977,958
978,973
979,973
980,977
981,974
982,971
983,978
984,965
985,973
986,976
987,975
988,983
989,976
990,977
991,990
992,988
993,990
994,987
995,994
996,983
997,989
998,981
999,998
1000,984