ZQz0XsuEVpyKLQD0
100
0 0 43 43 0 0 120 0 129 83 43 0 0 0 0 43 0 43 43 43 124 0 43 43 43 43 43 0 0 0 0 92 0 0 43 43 43 43 43 43 47 0 46 91 0 43 0 0 43 101 43 90 68 80 43 43 43 43 0 43 97 90 43 43 106 43 74 43 0 43 0 117 43 97 94 43 0 0 43 0 134 43 0 0 0 43 0 43 67 0 117 69 0 43 43 125 0 0 43 43
0 0 112 0 0 0 0 0 43 60 0 0 133 138 0 0 0 0 0 0 0 122 0 113 0 116 0 0 0 0 0 0 0 0 0 124 0 0 80 0 0 0 0 0 0 0 0 0 0 75 69 0 0 49 0 0 0 0 0 0 49 0 0 0 0 0 60 85 84 0 83 0 138 0 0 0 0 0 0 122 140 66 0 0 0 65 107 107 0 0 0 0 63 0 0 138 0 112 0 0
43 112 0 0 0 43 43 75 0 43 0 43 107 89 0 0 99 0 0 0 43 0 0 0 0 0 124 43 0 43 127 142 0 0 0 71 0 0 0 103 100 0 97 0 0 0 0 0 0 43 0 43 43 43 58 84 0 0 43 43 43 0 0 77 43 0 43 69 65 0 123 0 0 43 0 0 0 0 87 43 0 0 0 0 133 0 0 0 43 0 43 43 83 0 0 0 43 43 93 0
43 0 0 0 113 0 0 43 101 0 0 59 88 0 0 0 43 0 0 0 0 141 0 0 0 59 0 99 43 0 0 125 142 43 139 75 0 0 106 0 0 0 0 0 0 60 43 68 51 0 0 0 77 0 0 0 142 130 0 0 74 0 0 0 0 98 0 0 0 0 0 0 0 0 45 0 0 0 71 0 43 115 43 0 0 0 0 0 0 0 100 0 0 59 0 43 133 0 0 0
0 0 0 113 0 0 138 0 0 0 93 43 0 0 106 0 0 0 0 96 0 113 0 117 0 0 0 80 0 0 81 48 79 0 0 67 113 0 64 0 0 0 0 0 72 125 134 98 52 0 0 0 0 104 0 0 0 0 45 87 0 0 133 0 0 0 0 0 0 0 0 0 0 68 0 0 0 0 0 91 0 67 0 0 61 0 0 0 95 0 0 0 0 0 0 0 0 0 131 0
0 0 43 0 0 0 0 45 0 0 0 107 0 0 0 0 0 0 0 0 0 88 0 57 130 0 0 0 0 0 0 0 0 0 0 0 0 0 66 0 99 43 0 0 43 0 129 0 0 0 0 85 91 0 0 91 0 0 115 0 0 43 49 0 106 61 92 0 111 0 131 0 0 68 142 0 0 77 0 0 0 0 0 127 0 96 60 0 0 0 0 0 74 112 0 78 0 95 79 91
120 0 43 0 138 0 0 139 102 0 0 0 43 0 0 0 0 0 0 0 0 86 0 0 0 0 0 0 135 0 70 90 0 0 0 0 0 118 0 0 0 0 0 0 62 0 0 98 0 0 58 0 0 0 0 0 135 0 0 63 0 0 0 0 0 0 86 0 115 0 0 0 0 0 0 0 0 59 0 100 105 0 0 0 0 134 71 0 0 43 0 64 0 0 0 0 0 0 75 0
0 0 75 43 0 45 139 0 43 0 0 0 0 48 0 132 0 108 110 142 0 70 81 88 0 60 0 0 0 0 0 43 0 0 0 130 0 0 72 84 0 0 43 0 0 0 0 0 0 111 65 0 91 0 79 0 0 0 0 0 0 0 119 129 102 0 0 0 0 0 0 43 0 0 0 0 0 57 63 101 0 55 61 0 0 0 95 0 120 0 47 130 0 0 0 0 0 0 0 0
129 43 0 101 0 0 102 43 0 0 125 0 0 99 131 123 66 0 0 0 0 0 0 119 114 0 0 0 0 0 0 0 43 0 119 0 0 0 0 0 114 83 0 88 0 0 78 0 72 0 76 0 101 0 0 0 77 0 0 0 0 0 0 0 0 112 0 0 46 0 80 89 0 0 0 0 0 0 70 0 50 45 126 0 43 0 0 0 0 133 0 0 84 0 0 0 0 66 0 102
83 60 43 0 0 0 0 0 0 0 133 0 55 0 0 0 77 0 76 0 0 0 132 100 0 0 0 0 89 0 0 0 0 0 0 0 57 0 0 0 0 49 0 113 44 132 0 108 93 114 0 0 0 71 0 125 0 68 96 66 122 0 0 0 113 0 0 76 0 85 0 0 0 0 51 0 0 0 0 84 0 0 0 0 0 0 0 0 0 0 0 129 90 51 118 0 0 0 0 56
43 0 0 0 93 0 0 0 125 133 0 0 46 0 0 0 0 0 0 0 0 132 0 116 0 0 0 0 88 0 0 0 0 0 0 0 0 0 0 76 0 0 0 0 0 0 0 50 0 0 130 120 0 0 0 0 0 0 0 0 143 124 0 75 0 82 0 0 0 0 43 0 0 0 0 0 0 43 95 0 0 0 0 59 62 0 0 124 0 0 0 0 64 0 87 0 0 0 0 0
0 0 43 59 43 107 0 0 0 0 0 0 0 0 0 0 62 47 0 0 0 0 0 0 0 97 0 0 115 94 0 0 104 97 138 0 66 0 0 67 135 0 0 131 0 0 0 43 0 0 130 0 0 0 0 0 125 46 60 0 95 51 0 60 0 127 125 0 0 60 0 77 0 0 43 133 131 113 0 0 0 0 0 70 0 0 0 121 0 0 70 51 0 0 0 120 0 0 139 0
0 133 107 88 0 0 43 0 0 55 46 0 0 0 0 135 0 50 0 0 0 125 0 0 0 98 0 94 0 0 101 0 0 0 0 48 0 0 0 0 0 119 0 0 129 0 0 0 0 0 132 0 0 0 0 53 49 0 60 0 66 0 0 0 0 0 0 0 0 0 80 0 0 45 95 66 0 118 0 0 0 0 0 0 94 0 0 130 0 0 128 0 0 0 0 89 0 0 0 0
0 138 89 0 0 0 0 48 99 0 0 0 0 0 0 0 0 0 43 0 0 126 78 0 0 47 0 0 54 0 57 0 77 82 0 0 0 82 0 0 48 43 0 0 0 139 0 62 0 0 0 0 0 91 0 130 110 107 49 51 0 0 0 0 0 0 134 0 78 142 0 0 0 0 0 0 46 0 0 0 0 0 0 121 0 0 120 110 0 76 65 132 0 0 0 129 0 80 0 0
0 0 0 0 106 0 0 0 131 0 0 0 0 0 0 0 0 0 0 0 0 0 104 44 123 72 0 0 0 0 0 0 55 0 90 103 0 91 0 0 65 0 0 0 0 0 0 0 0 0 0 0 0 120 58 0 59 0 65 0 57 0 0 0 0 0 0 118 0 0 103 0 51 0 0 133 112 82 0 119 73 117 0 0 0 80 0 0 0 0 62 0 0 0 55 0 64 0 45 0
43 0 0 0 0 0 0 132 123 0 0 0 135 0 0 0 0 0 0 0 0 126 0 0 0 0 141 0 46 87 141 50 0 0 0 85 0 0 0 0 58 0 65 0 0 0 0 110 0 102 0 0 0 0 0 47 140 97 0 0 0 55 0 98 0 0 0 51 80 0 72 46 82 0 0 0 43 0 0 0 73 0 0 0 0 0 43 0 0 0 0 0 0 0 54 0 64 0 0 0
0 0 99 43 0 0 0 0 66 77 0 62 0 0 0 0 0 0 57 0 0 43 0 0 0 0 0 0 125 118 0 0 0 128 0 0 0 113 0 0 132 0 0 0 0 0 119 72 123 0 0 0 0 0 0 0 0 112 0 114 104 0 133 75 0 0 0 0 55 0 0 0 0 79 0 0 50 0 0 0 0 0 95 98 0 0 0 0 0 129 0 0 0 81 84 0 88 0 0 0
43 0 0 0 0 0 0 108 0 0 0 47 50 0 0 0 0 0 107 0 0 0 0 84 109 103 0 0 0 63 0 73 0 67 0 0 0 74 58 134 57 90 0 0 0 0 0 0 51 0 0 141 0 0 0 0 64 0 102 59 111 47 85 0 0 47 0 0 0 90 0 0 0 0 0 0 120 0 0 0 126 0 0 0 0 0 0 140 0 109 0 0 110 71 0 0 0 84 0 53
43 0 0 0 0 0 0 110 0 76 0 0 0 43 0 0 57 107 0 0 0 65 139 64 73 0 0 0 94 0 74 0 48 0 0 110 46 0 0 0 0 87 0 43 0 0 0 0 0 130 115 0 0 0 0 0 103 0 75 0 82 0 94 0 0 0 0 0 0 0 116 0 0 0 80 0 0 0 62 0 0 0 121 0 0 0 43 0 0 0 49 0 0 0 44 0 0 112 0 114
43 0 0 0 96 0 0 142 0 0 0 0 0 0 0 0 0 0 0 0 51 133 0 0 89 0 0 77 0 127 43 0 0 0 0 0 0 0 0 0 0 117 0 0 94 0 0 0 135 0 0 137 0 0 0 0 0 0 0 0 126 0 0 0 0 0 0 0 0 0 0 0 0 0 0 0 0 0 0 66 112 0 0 0 0 0 0 67 0 0 0 0 0 103 0 0 0 0 0 0
124 0 43 0 0 0 0 0 0 0 0 0 0 0 0 0 0 0 0 51 0 0 0 0 114 0 0 0 0 0 129 0 0 59 0 0 0 76 0 51 0 0 105 0 0 0 0 80 0 0 134 72 0 49 0 0 0 0 0 0 63 117 87 0 48 54 0 0 0 0 0 0 0 0 0 0 0 62 0 106 60 93 131 0 0 0 0 0 0 133 0 0 0 0 62 0 0 80 93 117
0 122 0 141 113 88 86 70 0 0 132 0 125 126 0 126 43 0 65 133 0 0 0 0 0 0 122 0 0 0 68 81 0 131 46 50 0 0 0 0 135 0 0 0 56 0 0 98 0 48 88 0 0 0 0 0 0 0 0 109 0 0 0 0 0 112 0 0 130 123 0 0 109 0 73 0 87 0 0 122 85 0 0 0 0 113 96 0 140 0 59 0 0 0 0 0 0 0 104 0
43 0 0 0 0 0 0 81 0 132 0 0 0 78 104 0 0 0 139 0 0 0 0 0 0 95 0 0 0 0 0 0 0 122 0 0 111 0 0 81 0 0 0 114 0 0 76 47 0 67 0 0 0 58 85 0 54 0 0 0 0 0 90 0 0 0 0 102 43 79 0 0 0 0 67 76 0 0 65 0 0 0 0 115 0 0 0 0 0 0 0 0 0 0 120 0 0 0 67 59
43 113 0 0 117 57 0 88 119 100 116 0 0 0 44 0 0 84 64 0 0 0 0 0 0 0 0 83 0 0 0 0 0 0 0 0 0 80 45 0 43 0 0 0 112 0 0 0 85 0 0 95 0 0 0 0 0 0 0 0 111 0 99 0 0 0 0 0 102 0 0 0 0 0 0 105 0 0 0 0 50 0 0 121 0 0 0 0 0 0 0 0 0 0 101 0 0 0 0 0
43 0 0 0 0 130 0 0 114 0 0 0 0 0 123 0 0 109 73 89 114 0 0 0 0 0 121 0 0 0 0 73 71 58 118 0 0 0 0 0 0 62 0 0 81 0 0 0 72 61 94 0 0 0 81 0 0 0 82 0 0 0 0 63 0 0 102 0 79 0 0 0 69 140 0 0 0 0 0 0 106 98 0 0 0 0 48 0 0 0 0 0 43 45 0 0 107 0 0 119
43 116 0 59 0 0 0 60 0 0 0 97 98 47 72 0 0 103 0 0 0 0 95 0 0 0 0 45 0 0 0 68 0 0 0 79 0 0 0 120 0 0 131 0 0 0 0 52 0 52 66 74 94 0 0 0 58 43 67 0 0 0 57 134 0 109 0 0 0 0 0 90 100 0 90 0 72 83 127 0 65 0 0 89 54 0 134 0 132 0 89 0 0 0 99 0 118 0 75 85
43 0 124 0 0 0 0 0 0 0 0 0 0 0 0 141 0 0 0 0 0 122 0 0 121 0 0 0 104 76 0 0 0 0 0 0 0 0 137 131 0 96 0 0 0 0 0 0 0 43 0 0 0 0 0 0 71 0 0 0 0 0 84 0 0 58 0 0 0 0 0 79 0 128 0 0 0 58 0 102 0 0 0 0 0 56 0 0 0 0 0 0 0 0 0 0 134 0 143 0
0 0 43 99 80 0 0 0 0 0 0 0 94 0 0 0 0 0 0 77 0 0 0 83 0 45 0 0 0 0 88 0 0 0 0 0 43 107 0 0 0 0 49 0 0 0 0 95 0 0 0 46 0 0 0 0 0 0 50 0 0 0 126 0 0 0 0 136 0 107 0 0 73 0 0 105 0 0 0 0 0 0 0 131 0 0 0 0 0 0 0 0 0 105 61 0 59 0 70 0
0 0 0 43 0 0 135 0 0 89 88 115 0 54 0 46 125 0 94 0 0 0 0 0 0 0 104 0 0 0 0 0 65 0 109 0 0 0 57 0 128 128 0 67 0 0 0 0 0 0 0 46 0 0 0 67 0 0 0 0 0 64 104 106 0 0 132 68 0 95 0 0 0 95 0 0 0 142 0 0 0 0 0 66 78 0 123 0 52 0 0 0 0 0 0 140 120 0 0 0
0 0 43 0 0 0 0 0 0 0 0 94 0 0 0 87 118 63 0 127 0 0 0 0 0 0 76 0 0 0 0 100 0 119 47 0 92 115 118 0 0 63 0 0 0 0 62 0 127 0 0 0 0 0 109 0 92 0 121 0 0 0 0 101 0 0 0 69 141 71 0 0 0 0 0 0 49 0 0 0 143 0 0 138 0 0 0 0 101 0 79 97 0 0 119 0 0 0 0 0
0 0 127 0 81 0 70 0 0 0 0 0 101 57 0 141 0 0 74 43 129 68 0 0 0 0 0 88 0 0 0 0 138 0 0 82 64 0 0 0 143 62 0 90 0 0 0 0 0 0 0 134 0 0 0 76 0 0 0 0 0 0 0 0 0 0 0 0 0 0 0 0 0 0 57 0 0 0 0 139 0 0 0 60 0 114 51 0 64 0 0 115 0 0 0 0 45 50 0 0
92 0 142 125 48 0 90 43 0 0 0 0 0 0 0 50 0 73 0 0 0 81 0 0 73 68 0 0 0 100 0 0 0 0 0 0 60 132 53 0 79 0 128 0 0 0 0 0 88 76 45 0 0 0 0 77 132 0 0 0 0 0 0 0 0 0 0 0 82 78 0 43 77 85 0 0 0 0 0 0 0 0 0 55 0 0 0 0 0 46 101 0 0 0 0 49 0 0 71 83
0 0 0 142 79 0 0 0 43 0 0 104 0 77 55 0 0 0 48 0 0 0 0 0 71 0 0 0 65 0 138 0 0 138 0 0 93 109 0 0 0 0 0 0 0 0 122 0 90 54 0 0 0 0 0 83 0 105 0 64 0 0 0 0 0 0 0 0 0 0 0 0 0 0 0 131 142 0 0 98 0 0 0 80 0 0 56 100 0 0 0 0 0 0 0 0 0 51 0 0
0 0 0 43 0 0 0 0 0 0 0 97 0 82 0 0 128 67 0 0 59 131 122 0 58 0 0 0 0 119 0 0 138 0 0 112 0 0 0 46 0 115 0 104 0 0 0 81 0 104 0 0 0 106 0 0 0 0 0 0 0 68 0 89 46 0 94 0 0 0 0 88 0 0 0 0 0 0 0 0 0 0 0 0 121 0 60 66 136 0 0 0 125 0 0 62 113 52 0 0
43 0 0 139 0 0 0 0 119 0 0 138 0 0 90 0 0 0 0 0 0 46 0 0 118 0 0 0 109 47 0 0 0 0 0 0 0 124 0 0 96 0 0 0 0 0 45 108 0 0 0 0 0 0 53 93 0 0 0 0 91 0 0 52 0 139 0 0 49 0 82 0 0 0 0 124 0 81 0 0 56 0 0 0 0 0 0 0 0 0 0 0 118 120 0 0 0 131 117 0
43 124 71 75 67 0 0 130 0 0 0 0 48 0 103 85 0 0 110 0 0 50 0 0 0 79 0 0 0 0 82 0 0 112 0 0 138 0 47 0 80 0 0 0 0 0 92 0 127 0 0 0 76 0 94 0 0 0 0 0 0 137 52 0 0 65 0 0 0 142 68 0 74 0 108 0 0 78 0 0 0 0 108 0 0 0 43 0 0 91 0 68 0 0 0 135 0 0 54 0
43 0 0 0 113 0 0 0 0 57 0 66 0 0 0 0 0 0 46 0 0 0 111 0 0 0 0 43 0 92 64 60 93 0 0 138 0 76 69 0 0 0 0 130 0 0 0 0 0 107 95 0 0 0 0 0 0 0 0 0 0 0 0 0 0 0 0 142 0 0 0 90 0 0 0 91 0 0 0 0 0 0 91 0 77 0 47 0 0 128 0 0 0 85 0 0 51 0 0 0
43 0 0 0 0 0 118 0 0 0 0 0 0 82 91 0 113 74 0 0 76 0 0 80 0 0 0 107 0 115 0 132 109 0 124 0 76 0 0 109 0 0 0 0 0 59 0 136 0 83 0 86 0 0 0 0 0 120 0 55 0 0 0 70 0 60 0 0 51 0 133 0 0 0 0 66 0 47 93 50 0 78 0 0 0 0 0 0 0 61 0 0 49 0 0 119 109 0 125 0
43 80 0 106 64 66 0 72 0 0 0 0 0 0 0 0 0 58 0 0 0 0 0 45 0 0 137 0 57 118 0 53 0 0 0 47 69 0 0 103 0 0 0 0 48 82 0 0 0 0 0 0 0 0 0 0 0 0 0 98 0 0 0 72 0 0 0 0 0 0 0 67 0 0 120 0 0 0 125 53 0 0 121 137 0 84 0 0 0 0 0 0 98 0 0 62 0 0 85 0
43 0 103 0 0 0 0 84 0 0 76 67 0 0 0 0 0 134 0 0 51 0 81 0 0 120 131 0 0 0 0 0 0 46 0 0 0 109 103 0 0 87 128 0 0 0 95 0 55 0 0 0 0 0 73 0 0 0 0 0 0 0 0 0 0 0 0 0 0 0 132 0 0 0 0 0 0 97 0 0 0 0 0 0 0 0 0 67 0 0 0 0 45 141 0 0 89 89 0 92
47 0 100 0 0 99 0 0 114 0 0 135 0 48 65 58 132 57 0 0 0 135 0 43 0 0 0 0 128 0 143 79 0 0 96 80 0 0 0 0 0 0 0 0 0 0 0 0 0 0 0 0 141 0 0 118 0 0 0 0 136 0 0 0 0 0 0 0 0 60 140 0 86 142 123 55 70 128 0 0 0 113 0 0 0 0 0 0 0 101 0 0 132 0 0 0 0 60 0 52
0 0 0 0 0 43 0 0 83 49 0 0 119 43 0 0 0 90 87 117 0 0 0 0 62 0 96 0 128 63 62 0 0 115 0 0 0 0 0 87 0 0 0 0 0 0 0 0 0 0 0 0 0 0 0 0 0 79 0 0 0 0 0 0 0 98 60 133 0 50 68 0 88 0 0 46 84 0 0 0 0 94 123 0 0 0 103 0 0 0 0 0 0 0 0 0 0 0 0 72
46 0 97 0 0 0 0 43 0 0 0 0 0 0 0 65 0 0 0 0 105 0 0 0 0 131 0 49 0 0 0 128 0 0 0 0 0 0 0 128 0 0 0 0 0 0 0 0 0 118 0 51 0 127 84 0 0 0 0 92 0 121 0 0 61 0 0 0 0 128 0 0 93 0 0 0 101 0 57 0 0 0 0 0 0 0 0 0 0 0 0 68 70 59 0 0 118 45 129 0
91 0 0 0 0 0 0 0 88 113 0 131 0 0 0 0 0 0 43 0 0 0 114 0 0 0 0 0 67 0 90 0 0 104 0 0 130 0 0 0 0 0 0 0 54 125 0 0 0 0 88 47 0 0 0 124 0 0 81 0 0 0 61 0 0 0 0 0 0 114 0 111 0 87 0 0 0 0 81 0 0 0 0 79 0 45 0 0 0 0 0 0 0 0 123 113 0 131 0 135
0 0 0 0 72 43 62 0 0 44 0 0 129 0 0 0 0 0 0 94 0 56 0 112 81 0 0 0 0 0 0 0 0 0 0 0 0 0 48 0 0 0 0 54 0 0 0 0 107 0 0 65 0 0 49 58 0 0 0 0 136 0 121 0 0 106 0 0 0 103 0 0 100 0 0 0 105 0 0 0 83 0 0 0 65 0 55 0 0 0 0 0 135 0 0 136 0 0 0 0
43 0 0 60 125 0 0 0 0 132 0 0 0 139 0 0 0 0 0 0 0 0 0 0 0 0 0 0 0 0 0 0 0 0 0 0 0 59 82 0 0 0 0 125 0 0 0 0 0 0 0 56 0 0 0 76 91 0 66 0 122 0 0 0 0 0 0 85 137 0 0 0 0 0 137 0 134 0 0 0 0 80 135 0 123 0 0 0 0 0 0 0 0 0 0 0 0 52 0 99
0 0 0 43 134 129 0 0 78 0 0 0 0 0 0 0 119 0 0 0 0 0 76 0 0 0 0 0 0 62 0 0 122 0 45 92 0 0 0 95 0 0 0 0 0 0 0 0 134 0 0 0 0 87 98 0 110 0 0 0 76 44 0 118 112 74 104 0 0 50 116 0 0 67 0 0 0 131 0 0 0 43 0 0 0 0 0 0 120 0 0 0 140 0 96 49 82 0 0 49
0 0 0 68 98 0 98 0 0 108 50 43 0 62 0 110 72 0 0 0 80 98 47 0 0 52 0 95 0 0 0 0 0 81 108 0 0 136 0 0 0 0 0 0 0 0 0 0 133 0 0 0 0 0 114 0 0 0 0 0 0 0 0 0 0 0 0 0 100 0 0 0 0 0 0 0 0 119 0 0 0 137 73 0 0 0 0 0 0 0 0 0 0 0 83 56 0 0 0 45
43 0 0 51 52 0 0 0 72 93 0 0 0 0 0 0 123 51 0 135 0 0 0 85 72 0 0 0 0 127 0 88 90 0 0 127 0 0 0 55 0 0 0 0 107 0 134 133 0 105 82 132 0 0 0 43 0 0 96 0 0 91 0 0 0 0 0 0 0 46 0 0 104 71 0 0 109 0 0 0 0 89 112 0 130 93 72 0 0 0 0 0 0 0 0 138 48 0 0 0
101 75 43 0 0 0 0 111 0 114 0 0 0 0 0 102 0 0 130 0 0 48 67 0 61 52 43 0 0 0 0 76 54 104 0 0 107 83 0 0 0 0 118 0 0 0 0 0 105 0 133 0 0 0 76 0 0 0 63 0 0 51 55 0 0 108 0 97 0 0 67 0 0 0 125 0 0 0 0 0 0 117 0 0 0 0 0 0 0 140 96 0 0 0 0 122 0 75 128 0
43 69 0 0 0 0 58 65 76 0 130 130 132 0 0 0 0 0 115 0 134 88 0 0 94 66 0 0 0 0 0 45 0 0 0 0 95 0 0 0 0 0 0 88 0 0 0 0 82 133 0 0 0 0 0 0 0 0 0 0 0 94 0 0 79 123 0 0 0 83 0 0 0 0 0 0 0 0 110 98 59 74 0 0 0 0 0 0 0 123 0 0 137 66 0 0 0 0 0 0
90 0 43 0 0 85 0 0 0 0 120 0 0 0 0 0 0 141 0 137 72 0 0 95 0 74 0 46 46 0 134 0 0 0 0 0 0 86 0 0 0 0 51 47 65 56 0 0 132 0 0 0 0 0 0 0 0 0 0 0 0 43 52 0 0 93 0 0 0 0 0 0 0 0 82 0 0 133 0 56 48 50 0 0 118 0 0 0 0 0 88 112 0 0 0 131 0 0 0 0
68 0 43 77 0 91 0 91 101 0 0 0 0 0 0 0 0 0 0 0 0 0 0 0 0 94 0 0 0 0 0 0 0 0 0 76 0 0 0 0 141 0 0 0 0 0 0 0 0 0 0 0 0 84 0 76 0 71 118 0 0 0 0 0 0 0 46 0 137 0 0 140 0 0 102 0 0 0 0 0 0 0 0 43 0 117 115 0 103 71 0 0 53 132 80 0 0 0 0 0
80 49 43 0 104 0 0 0 0 71 0 0 0 91 120 0 0 0 0 0 49 0 58 0 0 0 0 0 0 0 0 0 0 106 0 0 0 0 0 0 0 0 127 0 0 0 87 0 0 0 0 0 84 0 0 0 0 0 0 0 0 0 0 0 0 0 0 0 0 0 0 0 0 0 85 139 87 107 0 0 100 99 0 0 53 116 0 0 71 125 0 0 0 0 0 0 0 0 0 0
43 0 58 0 0 0 0 79 0 0 0 0 0 0 58 0 0 0 0 0 0 0 85 0 81 0 0 0 0 109 0 0 0 0 53 94 0 0 0 73 0 0 84 0 49 0 98 114 0 76 0 0 0 0 0 0 0 51 0 0 0 117 0 0 0 0 0 59 0 0 0 0 0 49 0 0 89 0 140 50 0 0 66 0 0 0 0 0 0 0 0 0 0 0 64 0 0 0 0 0
43 0 84 0 0 91 0 0 0 125 0 0 53 130 0 47 0 0 0 0 0 0 0 0 0 0 0 0 67 0 76 77 83 0 93 0 0 0 0 0 118 0 0 124 58 76 0 0 43 0 0 0 76 0 0 0 0 0 0 0 0 0 0 0 0 59 0 0 0 0 105 0 0 0 0 0 0 0 0 0 0 110 0 0 0 60 0 0 87 0 0 95 0 0 0 0 44 0 125 119
43 0 0 142 0 0 135 0 77 0 0 125 49 110 59 140 0 64 103 0 0 0 54 0 0 58 71 0 0 92 0 132 0 0 0 0 0 0 0 0 0 0 0 0 0 91 110 0 0 0 0 0 0 0 0 0 0 0 88 68 0 0 0 0 0 0 0 0 100 0 0 0 69 0 115 0 0 0 121 96 0 0 0 0 0 0 0 0 0 70 0 0 0 0 0 0 143 46 0 105
43 0 0 130 0 0 0 0 0 68 0 46 0 107 0 97 112 0 0 0 0 0 0 0 0 43 0 0 0 0 0 0 105 0 0 0 0 120 0 0 0 79 0 0 0 0 0 0 0 0 0 0 71 0 51 0 0 0 0 94 0 0 0 0 0 77 0 0 0 121 0 0 0 0 98 111 0 89 118 0 0 0 0 0 0 0 70 0 0 0 0 0 95 0 0 0 0 139 0 61
0 0 43 0 45 115 0 0 0 96 0 60 60 49 65 0 0 102 75 0 0 0 0 0 82 67 0 50 0 121 0 0 0 0 0 0 0 0 0 0 0 0 0 81 0 66 0 0 96 63 0 0 118 0 0 0 88 0 0 0 0 105 0 92 125 0 0 0 141 0 0 75 114 0 0 0 0 0 82 0 0 0 0 0 51 0 0 0 0 0 61 0 0 70 0 0 0 0 0 0
43 0 43 0 87 0 63 0 0 66 0 0 0 51 0 0 114 59 0 0 0 109 0 0 0 0 0 0 0 0 0 0 64 0 0 0 0 55 98 0 0 0 92 0 0 0 0 0 0 0 0 0 0 0 0 0 68 94 0 0 0 0 82 0 0 0 0 0 0 0 128 0 110 88 138 0 0 0 0 0 0 0 0 0 0 0 0 0 117 0 114 0 66 0 0 0 0 0 0 134
97 49 43 74 0 0 0 0 0 122 143 95 66 0 57 0 104 111 82 126 63 0 0 111 0 0 0 0 0 0 0 0 0 0 91 0 0 0 0 0 136 0 0 0 136 122 76 0 0 0 0 0 0 0 0 0 0 0 0 0 0 50 58 0 105 0 0 0 0 0 0 0 0 0 0 0 136 0 0 0 0 0 0 65 0 0 0 0 0 0 0 95 0 73 111 0 85 74 0 0
90 0 0 0 0 43 0 0 0 0 124 51 0 0 0 55 0 47 0 0 117 0 0 0 0 0 0 0 64 0 0 0 0 68 0 137 0 0 0 0 0 0 121 0 0 0 44 0 91 51 94 43 0 0 117 0 0 0 105 0 50 0 0 0 0 44 0 0 104 51 0 0 0 0 0 0 123 95 0 0 0 56 0 0 0 0 0 56 0 0 65 0 0 0 0 0 0 0 0 0
43 0 0 0 133 49 0 119 0 0 0 0 0 0 0 0 133 85 94 0 87 0 90 99 0 57 84 126 104 0 0 0 0 0 0 52 0 0 0 0 0 0 0 61 121 0 0 0 0 55 0 52 0 0 0 0 0 0 0 82 58 0 0 116 0 135 0 116 0 0 0 0 0 0 0 0 0 0 0 0 0 79 0 0 66 0 0 0 0 0 0 124 0 0 0 126 0 0 0 0
43 0 77 0 0 0 0 129 0 0 75 60 0 0 0 98 75 0 0 0 0 0 0 0 63 134 0 0 106 101 0 0 0 89 52 0 0 70 72 0 0 0 0 0 0 0 118 0 0 0 0 0 0 0 0 0 0 0 92 0 0 0 116 0 0 0 0 0 0 0 126 0 116 0 0 103 0 0 87 0 84 0 54 98 79 0 0 0 0 0 88 0 0 0 0 0 0 0 0 0
106 0 43 0 0 106 0 102 0 113 0 0 0 0 0 0 0 0 0 0 48 0 0 0 0 0 0 0 0 0 0 0 0 46 0 0 0 0 0 0 0 0 61 0 0 0 112 0 0 0 79 0 0 0 0 0 0 0 125 0 105 0 0 0 0 0 74 130 0 0 58 0 110 91 0 0 0 0 0 0 0 132 116 0 100 0 0 119 129 0 0 72 0 0 0 126 0 63 94 0
43 0 0 98 0 61 0 0 112 0 82 127 0 0 0 0 0 47 0 0 54 112 0 0 0 109 58 0 0 0 0 0 0 0 139 65 0 60 0 0 0 98 0 0 106 0 74 0 0 108 123 93 0 0 0 59 0 77 0 0 0 44 135 0 0 0 0 0 0 0 0 0 79 0 46 0 55 0 0 123 0 0 138 0 100 44 0 0 0 64 0 0 56 85 0 46 0 0 0 0
74 60 43 0 0 92 86 0 0 0 0 125 0 134 0 0 0 0 0 0 0 0 0 0 102 0 0 0 132 0 0 0 0 94 0 0 0 0 0 0 0 60 0 0 0 0 104 0 0 0 0 0 46 0 0 0 0 0 0 0 0 0 0 0 74 0 0 0 0 101 0 0 85 60 0 0 43 88 67 0 0 0 0 0 70 142 111 0 71 68 0 0 140 138 0 0 0 0 0 0
43 85 69 0 0 0 0 0 0 76 0 0 0 0 118 51 0 0 0 0 0 0 102 0 0 0 0 136 68 69 0 0 0 0 0 0 142 0 0 0 0 133 0 0 0 85 0 0 0 97 0 0 0 0 59 0 0 0 0 0 0 0 116 0 130 0 0 0 71 0 0 0 0 0 85 0 0 0 100 0 0 0 0 0 140 52 0 0 0 0 0 0 79 0 116 0 94 0 47 0
0 84 65 0 0 111 115 0 46 0 0 0 0 78 0 80 55 0 0 0 0 130 43 102 79 0 0 0 0 141 0 82 0 0 49 0 0 51 0 0 0 0 0 0 0 137 0 100 0 0 0 0 137 0 0 0 100 0 141 0 0 104 0 0 0 0 0 71 0 0 0 0 0 64 88 0 0 0 113 0 0 0 0 122 43 0 0 61 123 0 0 54 0 66 137 0 0 0 0 0
43 0 0 0 0 0 0 0 0 85 0 60 0 142 0 0 0 90 0 0 0 123 79 0 0 0 0 107 95 71 0 78 0 0 0 142 0 0 0 0 60 50 128 114 103 0 50 0 46 0 83 0 0 0 0 0 0 121 0 0 0 51 0 0 0 0 101 0 0 0 0 0 0 0 0 0 0 0 95 0 0 90 0 0 139 0 106 0 0 0 0 0 125 0 0 0 77 0 0 0
0 83 123 0 0 131 0 0 80 0 43 0 80 0 103 72 0 0 116 0 0 0 0 0 0 0 0 0 0 0 0 0 0 0 82 68 0 133 0 132 140 68 0 0 0 0 116 0 0 67 0 0 0 0 0 105 0 0 0 128 0 0 0 126 58 0 0 0 0 0 0 111 0 0 105 0 128 0 86 115 127 0 0 0 0 101 0 0 115 0 0 125 0 45 0 0 0 0 0 94
117 0 0 0 0 0 0 43 89 0 0 77 0 0 0 46 0 0 0 0 0 0 0 0 0 90 79 0 0 0 0 43 0 88 0 0 90 0 67 0 0 0 0 111 0 0 0 0 0 0 0 0 140 0 0 0 0 0 75 0 0 0 0 0 0 0 0 0 0 0 111 0 0 0 0 0 78 126 0 46 112 74 0 0 0 0 0 0 0 0 59 0 75 0 0 54 0 0 128 0
43 138 0 0 0 0 0 0 0 0 0 0 0 0 51 82 0 0 0 0 0 109 0 0 69 100 0 73 0 0 0 77 0 0 0 74 0 0 0 0 86 88 93 0 100 0 0 0 104 0 0 0 0 0 0 0 69 0 114 110 0 0 0 116 110 79 85 0 0 0 0 0 0 0 0 0 0 59 43 114 99 0 0 0 0 0 55 0 71 0 0 114 0 55 0 52 0 134 0 0
97 0 43 0 68 68 0 0 0 0 0 0 45 0 0 0 79 0 0 0 0 0 0 0 140 0 128 0 95 0 0 85 0 0 0 0 0 0 0 0 142 0 0 87 0 0 67 0 71 0 0 0 0 0 49 0 0 0 0 88 0 0 0 0 91 0 60 0 64 0 0 0 0 0 54 0 0 0 43 0 0 0 0 97 0 0 0 0 0 0 98 0 0 0 0 0 0 103 0 112
94 0 0 45 0 142 0 0 0 51 0 43 95 0 0 0 0 0 80 0 0 73 67 0 0 90 0 0 0 0 57 0 0 0 0 108 0 0 120 0 123 0 0 0 0 137 0 0 0 125 0 82 102 85 0 0 115 98 0 138 0 0 0 0 0 46 0 85 88 0 105 0 0 54 0 99 81 51 45 0 0 57 0 0 0 0 0 0 0 132 0 89 0 0 82 76 0 79 98 0
43 0 0 0 0 0 0 0 0 0 0 133 66 0 133 0 0 0 0 0 0 0 76 105 0 0 0 105 0 0 0 0 131 0 124 0 91 66 0 0 55 46 0 0 0 0 0 0 0 0 0 0 0 139 0 0 0 111 0 0 0 0 0 103 0 0 0 0 0 0 0 0 0 0 99 0 95 0 61 0 0 0 0 0 121 0 0 0 0 0 0 0 129 84 0 0 0 141 89 0
0 0 0 0 0 0 0 0 0 0 0 131 0 46 112 43 50 120 0 0 0 87 0 0 0 72 0 0 0 49 0 0 142 0 0 0 0 0 0 0 70 84 101 0 105 134 0 0 109 0 0 0 0 87 89 0 0 0 0 0 136 123 0 0 0 55 43 0 0 0 128 78 0 0 81 95 0 0 0 0 0 0 0 113 0 55 0 52 0 0 0 89 90 0 129 0 0 0 0 0
0 0 0 0 0 77 59 57 0 0 43 113 118 0 82 0 0 0 0 0 62 0 0 0 0 83 58 0 142 0 0 0 0 0 81 78 0 47 0 97 128 0 0 0 0 0 131 119 0 0 0 133 0 107 0 0 0 89 0 0 0 95 0 0 0 0 88 0 0 0 0 126 59 0 51 0 0 0 0 0 0 0 0 118 0 0 0 0 82 0 0 0 0 88 0 0 80 0 0 0
43 0 87 71 0 0 0 63 70 0 95 0 0 0 0 0 0 0 62 0 0 0 65 0 0 127 0 0 0 0 0 0 0 0 0 0 0 93 125 0 0 0 57 81 0 0 0 0 0 0 110 0 0 0 140 0 121 118 82 0 0 0 0 87 0 0 67 100 113 95 86 0 43 43 45 61 0 0 0 74 0 0 0 82 0 0 0 0 0 108 0 0 0 0 0 99 0 0 71 139
0 122 43 0 91 0 100 101 0 84 0 0 0 0 119 0 0 0 0 66 106 122 0 0 0 0 102 0 0 0 139 0 98 0 0 0 0 50 53 0 0 0 0 0 0 0 0 0 0 0 98 56 0 0 50 0 96 0 0 0 0 0 0 0 0 123 0 0 0 0 115 46 114 0 0 0 0 0 74 0 0 0 0 0 0 0 0 50 0 135 0 0 0 81 0 0 0 0 73 0
134 140 0 43 0 0 105 0 50 0 0 0 0 0 73 73 0 126 0 112 60 85 0 50 106 65 0 0 0 143 0 0 0 0 56 0 0 0 0 0 0 0 0 0 83 0 0 0 0 0 59 48 0 100 0 0 0 0 0 0 0 0 0 84 0 0 0 0 0 0 127 112 99 0 0 0 0 0 0 0 0 47 0 0 0 0 0 77 0 0 78 0 70 0 0 0 0 53 0 0
43 66 0 115 67 0 0 55 45 0 0 0 0 0 117 0 0 0 0 0 93 0 0 0 98 0 0 0 0 0 0 0 0 0 0 0 0 78 0 0 113 94 0 0 0 80 43 137 89 117 74 50 0 99 0 110 0 0 0 0 0 56 79 0 132 0 0 0 0 90 0 74 0 0 57 0 0 0 0 0 47 0 77 0 0 123 0 131 0 0 0 0 0 65 0 0 0 0 44 0
0 0 0 43 0 0 0 61 126 0 0 0 0 0 0 0 95 0 121 0 131 0 0 0 0 0 0 0 0 0 0 0 0 0 0 108 91 0 121 0 0 123 0 0 0 135 0 73 112 0 0 0 0 0 66 0 0 0 0 0 0 0 0 54 116 138 0 0 0 0 0 0 0 0 0 0 0 0 0 0 0 77 0 0 0 0 0 61 0 0 0 88 0 0 0 0 0 0 54 0
0 0 0 0 0 127 0 0 0 0 59 70 0 121 0 0 98 0 0 0 0 0 115 121 0 89 0 131 66 138 60 55 80 0 0 0 0 0 137 0 0 0 0 79 0 0 0 0 0 0 0 0 43 0 0 0 0 0 0 0 65 0 0 98 0 0 0 0 122 0 0 0 0 97 0 0 113 118 82 0 0 0 0 0 0 50 0 0 0 0 125 62 0 110 0 66 0 0 0 0
0 0 133 0 61 0 0 0 43 0 62 0 94 0 0 0 0 0 0 0 0 0 0 0 0 54 0 0 78 0 0 0 0 121 0 0 77 0 0 0 0 0 0 0 65 123 0 0 130 0 0 118 0 53 0 0 0 0 51 0 0 0 66 79 100 100 70 140 43 139 0 0 0 0 0 121 0 0 0 0 0 0 0 0 0 0 0 0 86 0 0 0 0 0 0 0 134 56 0 102
43 65 0 0 0 96 134 0 0 0 0 0 0 0 80 0 0 0 0 0 0 113 0 0 0 0 56 0 0 0 114 0 0 0 0 0 0 0 84 0 0 0 0 45 0 0 0 0 93 0 0 0 117 116 0 60 0 0 0 0 0 0 0 0 0 44 142 52 0 0 101 0 0 0 0 0 55 0 0 0 0 123 0 50 0 0 0 113 0 0 0 46 0 0 0 134 0 0 0 0
0 107 0 0 0 60 71 95 0 0 0 0 0 120 0 43 0 0 43 0 0 96 0 0 48 134 0 0 123 0 51 0 56 60 0 43 47 0 0 0 0 103 0 0 55 0 0 0 72 0 0 0 115 0 0 0 0 70 0 0 0 0 0 0 0 0 111 0 0 106 0 0 55 0 0 0 0 0 0 0 0 0 0 0 0 0 0 71 0 0 105 0 0 0 118 0 0 66 0 0
43 107 0 0 0 0 0 0 0 0 124 121 130 110 0 0 0 140 0 67 0 0 0 0 0 0 0 0 0 0 0 0 100 66 0 0 0 0 0 67 0 0 0 0 0 0 0 0 0 0 0 0 0 0 0 0 0 0 0 0 0 56 0 0 119 0 0 0 61 0 0 0 0 0 0 0 52 0 0 50 77 131 61 0 0 113 71 0 0 115 103 0 0 0 0 104 90 0 0 0
67 0 43 0 95 0 0 120 0 0 0 0 0 0 0 0 0 0 0 0 0 140 0 0 0 132 0 0 52 101 64 0 0 136 0 0 0 0 0 0 0 0 0 0 0 0 120 0 0 0 0 0 103 71 0 87 0 0 0 117 0 0 0 0 129 0 71 0 123 0 115 0 71 0 0 0 0 82 0 0 0 0 0 0 86 0 0 0 0 0 0 0 0 0 0 0 0 0 0 103
0 0 0 0 0 0 43 0 133 0 0 0 0 76 0 0 129 109 0 0 133 0 0 0 0 0 0 0 0 0 0 46 0 0 0 91 128 61 0 0 101 0 0 0 0 0 0 0 0 140 123 0 71 125 0 0 70 0 0 0 0 0 0 0 0 64 68 0 0 0 0 0 0 0 132 0 0 0 108 135 0 0 0 0 0 0 0 115 0 0 0 54 107 70 0 0 0 0 140 102
117 0 43 100 0 0 0 47 0 0 0 70 128 65 62 0 0 0 49 0 0 59 0 0 0 89 0 0 0 79 0 101 0 0 0 0 0 0 0 0 0 0 0 0 0 0 0 0 0 96 0 88 0 0 0 0 0 0 61 114 0 65 0 88 0 0 0 0 0 0 0 59 0 98 0 0 0 0 0 0 78 0 0 125 0 0 105 103 0 0 0 0 0 0 74 0 0 133 0 0
69 0 43 0 0 0 64 130 0 129 0 51 0 132 0 0 0 0 0 0 0 0 0 0 0 0 0 0 0 97 115 0 0 0 0 68 0 0 0 0 0 0 68 0 0 0 0 0 0 0 0 112 0 0 0 95 0 0 0 0 95 0 124 0 72 0 0 0 54 0 125 0 114 0 89 0 89 0 0 0 0 0 88 62 0 46 0 0 0 54 0 0 64 77 0 0 88 0 0 45
0 63 83 0 0 74 0 0 84 90 64 0 0 0 0 0 0 110 0 0 0 0 0 0 43 0 0 0 0 0 0 0 0 125 118 0 0 49 98 45 132 0 70 0 135 0 140 0 0 0 137 0 53 0 0 0 0 95 0 66 0 0 0 0 0 56 140 79 0 125 0 75 0 0 0 129 90 0 0 0 70 0 0 0 0 0 0 0 0 107 0 64 0 55 0 0 0 0 47 0
43 0 0 59 0 112 0 0 0 51 0 0 0 0 0 0 81 71 0 103 0 0 0 0 45 0 0 105 0 0 0 0 0 0 120 0 85 0 0 141 0 0 59 0 0 0 0 0 0 0 66 0 132 0 0 0 0 0 70 0 73 0 0 0 0 85 138 0 66 0 45 0 55 0 0 84 0 88 0 81 0 65 0 110 0 0 0 0 0 70 0 77 55 0 137 131 0 0 0 0
43 0 0 0 0 0 0 0 0 118 87 0 0 0 55 54 84 0 44 0 62 0 120 101 0 99 0 61 0 119 0 0 0 0 0 0 0 0 0 0 0 0 0 123 0 0 96 83 0 0 0 0 80 0 64 0 0 0 0 0 111 0 0 0 0 0 0 116 137 0 0 0 0 0 82 0 129 0 0 0 0 0 0 0 0 0 118 0 0 0 74 0 0 137 0 0 0 0 117 0
125 138 0 43 0 78 0 0 0 0 0 120 89 129 0 0 0 0 0 0 0 0 0 0 0 0 0 0 140 0 0 49 0 62 0 135 0 119 62 0 0 0 0 113 136 0 49 56 138 122 0 131 0 0 0 0 0 0 0 0 0 0 126 0 126 46 0 0 0 0 0 54 52 0 76 0 0 0 99 0 0 0 0 66 0 134 0 104 0 0 0 0 0 131 0 0 0 0 0 0
0 0 43 133 0 0 0 0 0 0 0 0 0 0 64 64 88 0 0 0 0 0 0 0 107 118 134 59 120 0 45 0 0 113 0 0 51 109 0 89 0 0 118 0 0 0 82 0 48 0 0 0 0 0 0 44 143 0 0 0 85 0 0 0 0 0 0 94 0 77 0 0 0 0 0 0 0 80 0 0 0 0 0 0 134 0 0 90 0 0 0 88 0 0 0 0 0 0 0 0
0 112 43 0 0 95 0 0 66 0 0 0 0 80 0 0 0 84 112 0 80 0 0 0 0 0 0 0 0 0 50 0 51 52 131 0 0 0 0 89 60 0 45 131 0 52 0 0 0 75 0 0 0 0 0 0 46 139 0 0 74 0 0 0 63 0 0 0 0 0 0 0 134 103 79 141 0 0 0 0 53 0 0 0 56 0 66 0 0 0 133 0 0 0 0 0 0 0 0 0
43 0 93 0 131 79 75 0 0 0 0 139 0 0 45 0 0 0 0 0 93 104 67 0 0 75 143 70 0 0 0 71 0 0 117 54 0 125 85 0 0 0 129 0 0 0 0 0 0 128 0 0 0 0 0 125 0 0 0 0 0 0 0 0 94 0 0 47 0 0 0 128 0 0 98 89 0 0 71 73 0 44 54 0 0 0 0 0 0 140 0 0 47 0 117 0 0 0 0 0
43 0 0 0 0 91 0 0 102 56 0 0 0 0 0 0 0 53 114 0 117 0 59 0 119 85 0 0 0 0 0 83 0 0 0 0 0 0 0 92 52 72 0 135 0 99 49 45 0 0 0 0 0 0 0 119 105 61 0 134 0 0 0 0 0 0 0 0 0 0 94 0 0 112 0 0 0 0 139 0 0 0 0 0 102 0 0 0 103 102 0 45 0 0 0 0 0 0 0 0